0.10982810705900192 
0.06025947257876396 
0.0538598895072937 
0.044886987656354904 
0.03854899853467941 
0.04446910694241524 
0.041644271463155746 
0.0465722493827343 
0.039663493633270264 
0.042804598808288574 
0.042975857853889465 
0.0348021499812603 
0.03987288102507591 
0.03868475183844566 
0.034218769520521164 
0.047073185443878174 
0.03889760002493858 
0.04032369703054428 
0.0406704843044281 
0.03722246363759041 
0.04041217640042305 
0.03932729735970497 
0.0416669063270092 
0.039988208562135696 
0.03684413805603981 
0.03467738255858421 
0.03839914873242378 
0.03463981673121452 
0.0342271588742733 
0.03949761390686035 
0.04098006337881088 
0.04169194772839546 
0.0385144017636776 
0.040335867553949356 
0.03123380057513714 
0.03757139667868614 
0.038935352116823196 
0.03509119153022766 
0.03788115456700325 
0.03510354086756706 
0.04269320145249367 
0.043188050389289856 
0.03413459286093712 
0.04121771827340126 
0.041402507573366165 
0.03306705132126808 
0.04016044735908508 
0.0356474332511425 
0.03657534718513489 
0.03416286036372185 
0.037374503910541534 
0.03926783427596092 
0.031396541744470596 
0.03515195846557617 
0.02995806187391281 
0.034245867282152176 
0.04282771050930023 
0.04057581350207329 
0.04016190767288208 
0.03506236523389816 
0.03523460403084755 
0.03401930257678032 
0.0373891144990921 
0.03966003283858299 
0.037991996854543686 
0.035544104874134064 
0.03703746944665909 
0.03198297321796417 
0.03599810600280762 
0.0344388447701931 
0.04597623273730278 
0.037796977907419205 
0.03224191442131996 
0.039742112159729004 
0.040452007204294205 
0.04028737545013428 
0.0352216400206089 
0.03406276926398277 
0.03405490890145302 
0.040363188832998276 
0.03392941877245903 
0.03552607074379921 
0.04268445447087288 
0.03445994853973389 
0.040857523679733276 
0.038785528391599655 
0.03402402624487877 
0.03458080813288689 
0.039397161453962326 
0.03489770367741585 
0.038604170083999634 
0.031308505684137344 
0.03531208261847496 
0.03823578730225563 
0.037663258612155914 
0.03503559157252312 
0.03582983836531639 
0.035500459372997284 
0.03419708088040352 
0.038546837866306305 
0.032047342509031296 
0.03959852084517479 
0.03574664518237114 
0.040137145668268204 
0.03724588081240654 
0.03356611356139183 
0.03470129892230034 
0.03493194282054901 
0.03511267900466919 
0.038163576275110245 
0.04150110483169556 
0.03959120437502861 
0.03693943843245506 
0.0349908322095871 
0.03423932194709778 
0.03893961012363434 
0.03531864657998085 
0.03580724820494652 
0.029529327526688576 
0.03785155341029167 
0.03366979584097862 
0.037200018763542175 
0.0365949310362339 
0.03699164465069771 
0.03199610114097595 
0.038611557334661484 
0.02871827594935894 
0.032874081283807755 
0.04713911935687065 
0.03603189066052437 
0.036349158734083176 
0.03763263300061226 
0.032194122672080994 
0.03925620764493942 
0.0385163351893425 
0.035231076180934906 
0.040977004915475845 
0.03145785257220268 
0.03307929262518883 
0.035554151982069016 
0.03056393377482891 
0.033972885459661484 
0.03405177593231201 
0.03658521547913551 
0.03154728189110756 
0.035837411880493164 
0.035742372274398804 
0.03745882585644722 
0.03661343827843666 
0.030381252989172935 
0.03680245950818062 
0.03460989519953728 
0.033432044088840485 
0.03352181613445282 
0.042441289871931076 
0.03452076017856598 
0.03282516449689865 
0.033617835491895676 
0.029959464445710182 
0.03946941718459129 
0.03664490208029747 
0.0392838791012764 
0.034100454300642014 
0.031583499163389206 
0.028016692027449608 
0.03872528672218323 
0.030755162239074707 
0.03791137784719467 
0.032328635454177856 
0.03767858445644379 
0.0434206984937191 
0.03366118669509888 
0.03414406254887581 
0.03807492554187775 
0.034518081694841385 
0.03466641530394554 
0.028234727680683136 
0.032558295875787735 
0.04127223417162895 
0.03302976116538048 
0.0326247364282608 
0.03029993176460266 
0.03376967832446098 
0.036526184529066086 
0.03827941417694092 
0.0341079980134964 
0.03636268898844719 
0.03242593631148338 
0.03612082824110985 
0.03259307146072388 
0.037263911217451096 
0.04176221415400505 
0.041208673268556595 
0.03242789953947067 
0.03719859942793846 
0.03280963376164436 
0.02918238751590252 
0.030106745660305023 
0.037528250366449356 
0.036447200924158096 
0.03088647872209549 
0.032493915408849716 
0.029865002259612083 
0.03887942433357239 
0.033713679760694504 
0.03632479906082153 
0.028764961287379265 
0.028596075251698494 
0.037715401500463486 
0.036796875298023224 
0.03670452907681465 
0.03867797181010246 
0.034616854041814804 
0.03123137354850769 
0.03091045655310154 
0.03593752160668373 
0.037440456449985504 
0.03297838568687439 
0.030892958864569664 
0.03324525058269501 
0.030159631744027138 
0.033352330327034 
0.03576081618666649 
0.039125096052885056 
0.03358500078320503 
0.03385796770453453 
0.03240013122558594 
0.03369313105940819 
0.031333208084106445 
0.03870818763971329 
0.03598260506987572 
0.03146006539463997 
0.03973587974905968 
0.03828505799174309 
0.03666505217552185 
0.033848319202661514 
0.03970429673790932 
0.0380236841738224 
0.041459813714027405 
0.03398841619491577 
0.03889967501163483 
0.040820688009262085 
0.03783604875206947 
0.031701233237981796 
0.036519717425107956 
0.03391704335808754 
0.03614175319671631 
0.03186932951211929 
0.03247060999274254 
0.03594915196299553 
0.03582519665360451 
0.03800269588828087 
0.038175102323293686 
0.03274437412619591 
0.03346479311585426 
0.03500254824757576 
0.034004420042037964 
0.03279224410653114 
0.03910196200013161 
0.02556120790541172 
0.030296122655272484 
0.026061996817588806 
0.035843685269355774 
0.03455240651965141 
0.03284533694386482 
0.03411417081952095 
0.036143336445093155 
0.028323113918304443 
0.039752401411533356 
0.03816014900803566 
0.03728332743048668 
0.032694727182388306 
0.03479413315653801 
0.031100979074835777 
0.03612476959824562 
0.034922052174806595 
0.032711829990148544 
0.03293398395180702 
0.032222554087638855 
0.03534155711531639 
0.03632323443889618 
0.0334782600402832 
0.03237578645348549 
0.03836013004183769 
0.03400273248553276 
0.029627302661538124 
0.03618103265762329 
0.027927787974476814 
0.02924364246428013 
0.031461503356695175 
0.03516576811671257 
0.0367700457572937 
0.032009053975343704 
0.03291676938533783 
0.030582213774323463 
0.034937601536512375 
0.035421181470155716 
0.03476991131901741 
0.03648042306303978 
0.034302372485399246 
0.036276593804359436 
0.03596709668636322 
0.02775302715599537 
0.033664777874946594 
0.035041313618421555 
0.03930673375725746 
0.029304584488272667 
0.03282169625163078 
0.028176428750157356 
0.03246642276644707 
0.03267548978328705 
0.03642385080456734 
0.03164319321513176 
0.03224115073680878 
0.041953060775995255 
0.031251855194568634 
0.031358033418655396 
0.029677005484700203 
0.03463698923587799 
0.03243706002831459 
0.03763141855597496 
0.03471900895237923 
0.03056917153298855 
0.030616968870162964 
0.036327678710222244 
0.03449871763586998 
0.04077524319291115 
0.03390040621161461 
0.03321455419063568 
0.030546436086297035 
0.02687627635896206 
0.03188842535018921 
0.02994157373905182 
0.03249491751194 
0.03389772027730942 
0.03519956395030022 
0.036412667483091354 
0.02761422097682953 
0.03258763626217842 
0.03669074922800064 
0.030465243384242058 
0.030852869153022766 
0.03607850894331932 
0.027592172846198082 
0.03361551836133003 
0.03820523992180824 
0.030872603878378868 
0.035757362842559814 
0.028000235557556152 
0.03447733446955681 
0.03086678683757782 
0.03185534104704857 
0.029639730229973793 
0.03215869516134262 
0.028996631503105164 
0.03760107234120369 
0.029443971812725067 
0.030360624194145203 
0.03576548397541046 
0.03647894784808159 
0.028430500999093056 
0.03276659548282623 
0.03000510483980179 
0.026593981310725212 
0.034736040979623795 
0.0279039666056633 
0.038106128573417664 
0.0318305678665638 
0.029641008004546165 
0.035152267664670944 
0.025836756452918053 
0.029626591131091118 
0.029838429763913155 
0.029041320085525513 
0.03201174736022949 
0.03619307279586792 
0.025951502844691277 
0.033448170870542526 
0.0335707813501358 
0.03707796335220337 
0.02797572873532772 
0.03354454040527344 
0.025483042001724243 
0.028942042961716652 
0.032736651599407196 
0.03135336562991142 
0.027992600575089455 
0.03385555371642113 
0.03160133957862854 
0.03460661694407463 
0.02805202640593052 
0.03283529356122017 
0.029272636398673058 
0.035570744425058365 
0.03526988625526428 
0.03267970308661461 
0.03024480678141117 
0.03055165894329548 
0.028925633057951927 
0.030622363090515137 
0.03235815837979317 
0.03236840292811394 
0.030398448929190636 
0.03434237465262413 
0.031329426914453506 
0.029853591695427895 
0.027550920844078064 
0.027857428416609764 
0.04184536263346672 
0.025141572579741478 
0.02581866644322872 
0.03241702541708946 
0.029784196987748146 
0.02772209793329239 
0.030675528571009636 
0.03245197609066963 
0.03493829444050789 
0.03335362672805786 
0.03464654088020325 
0.030679628252983093 
0.031843557953834534 
0.030297785997390747 
0.02867579460144043 
0.031843770295381546 
0.03165595605969429 
0.025139063596725464 
0.03476742282509804 
0.027791468426585197 
0.03004547953605652 
0.030999576672911644 
0.03207356482744217 
0.03137512505054474 
0.033711615949869156 
0.034681692719459534 
0.03709318861365318 
0.03658675774931908 
0.03146845102310181 
0.03272291645407677 
0.0310948695987463 
0.0272968802601099 
0.03432292863726616 
0.035329774022102356 
0.03273361176252365 
0.03450086712837219 
0.031751491129398346 
0.025823133066296577 
0.027275890111923218 
0.03317221626639366 
0.02441355772316456 
0.033823590725660324 
0.03361751511693001 
0.030830690637230873 
0.025816237553954124 
0.038183946162462234 
0.03107386827468872 
0.03236011415719986 
0.029196448624134064 
0.030235765501856804 
0.03275711461901665 
0.032536353915929794 
0.033268414437770844 
0.030301468446850777 
0.029332751408219337 
0.02816096879541874 
0.031393617391586304 
0.03225536644458771 
0.029776541516184807 
0.03283190354704857 
0.03796840086579323 
0.032506149262189865 
0.03054186701774597 
0.029539642855525017 
0.027132548391819 
0.03169262036681175 
0.028851963579654694 
0.03330853208899498 
0.033381346613168716 
0.029391957446932793 
0.033535461872816086 
0.02883189357817173 
0.03599794581532478 
0.026664072647690773 
0.03250116482377052 
0.03273746743798256 
0.03444758057594299 
0.030793556943535805 
0.03671767935156822 
0.030258001759648323 
0.033436574041843414 
0.03037707507610321 
0.02974955178797245 
0.02926354669034481 
0.03689464554190636 
0.02795555628836155 
0.03385867178440094 
0.033747196197509766 
0.030347108840942383 
0.025708531960844994 
0.029830699786543846 
0.03219838812947273 
0.030689427629113197 
0.03670373558998108 
0.024837777018547058 
0.03198719769716263 
0.031332727521657944 
0.031082527711987495 
0.030536478385329247 
0.033405955880880356 
0.028240377083420753 
0.029369058087468147 
0.027338474988937378 
0.031864795833826065 
0.026362380012869835 
0.031546179205179214 
0.029031066223978996 
0.03179525211453438 
0.0306567270308733 
0.03241473436355591 
0.03090512752532959 
0.029908040538430214 
0.0332534983754158 
0.03234334662556648 
0.030536115169525146 
0.03366036340594292 
0.03307954594492912 
0.03038148023188114 
0.02779383212327957 
0.03247101977467537 
0.035595331341028214 
0.02591772936284542 
0.03154374659061432 
0.028405064716935158 
0.031625088304281235 
0.03505755588412285 
0.031919121742248535 
0.03087989054620266 
0.031085453927516937 
0.031039824709296227 
0.02453973889350891 
0.03320140019059181 
0.03184722363948822 
0.02744690515100956 
0.028823351487517357 
0.02796488255262375 
0.02892840839922428 
0.03482023999094963 
0.032842785120010376 
0.026426875963807106 
0.0369604267179966 
0.028427129611372948 
0.029309608042240143 
0.02993106283247471 
0.030598947778344154 
0.025384722277522087 
0.03175063803792 
0.028055360540747643 
0.030041689053177834 
0.029647909104824066 
0.02831324376165867 
0.029209084808826447 
0.031797394156455994 
0.034291964024305344 
0.031234024092555046 
0.03530355170369148 
0.029290182515978813 
0.030683571472764015 
0.032221075147390366 
0.030403437092900276 
0.026960032060742378 
0.030679071322083473 
0.032381344586610794 
0.0327095091342926 
0.02468511462211609 
0.03300876542925835 
0.03145677596330643 
0.0289283636957407 
0.03517267480492592 
0.03068794123828411 
0.03082488663494587 
0.027633031830191612 
0.03099919855594635 
0.029798589646816254 
0.02594607137143612 
0.031793586909770966 
0.02583307772874832 
0.025809792801737785 
0.026686856523156166 
0.03168036416172981 
0.03281855955719948 
0.03029695712029934 
0.030937129631638527 
0.029272055253386497 
0.031223183497786522 
0.029475150629878044 
0.03276260569691658 
0.030301237478852272 
0.028066471219062805 
0.03603076562285423 
0.026785513386130333 
0.030028672888875008 
0.032658372074365616 
0.02604789473116398 
0.026751874014735222 
0.030930576846003532 
0.030686819925904274 
0.032092832028865814 
0.027485912665724754 
0.027301499620079994 
0.028277868404984474 
0.027176806703209877 
0.0297973845154047 
0.031007306650280952 
0.03127970173954964 
0.03110997937619686 
0.029978446662425995 
0.02238933928310871 
0.03353755921125412 
0.024856969714164734 
0.0347106009721756 
0.030546674504876137 
0.026709066703915596 
0.027885325253009796 
0.028033295646309853 
0.028761297464370728 
0.03684915229678154 
0.028535591438412666 
0.031154798343777657 
0.034791018813848495 
0.033835846930742264 
0.025004982948303223 
0.03236839547753334 
0.029433295130729675 
0.028893543407320976 
0.03341659530997276 
0.030109025537967682 
0.028906121850013733 
0.030967703089118004 
0.03072977066040039 
0.030214929953217506 
0.027195915579795837 
0.02613075077533722 
0.031175607815384865 
0.033802952617406845 
0.031675707548856735 
0.03029278852045536 
0.025433706119656563 
0.02750992774963379 
0.02864495851099491 
0.02245556004345417 
0.028039759024977684 
0.031183088198304176 
0.029690667986869812 
0.026102514937520027 
0.0301374401897192 
0.02786744199693203 
0.028127923607826233 
0.027188360691070557 
0.02964797057211399 
0.03232983127236366 
0.03094707429409027 
0.030213961377739906 
0.03153754398226738 
0.03079417534172535 
0.027490997686982155 
0.031151821836829185 
0.027852093800902367 
0.029597053304314613 
0.027300139889121056 
0.03134104982018471 
0.03125765547156334 
0.029134243726730347 
0.026593999937176704 
0.029836533591151237 
0.028180604800581932 
0.029975032433867455 
0.024770639836788177 
0.03101993538439274 
0.029986510053277016 
0.0303273294121027 
0.03366400673985481 
0.03150284290313721 
0.031300630420446396 
0.02591041289269924 
0.032476555556058884 
0.029081275686621666 
0.02628357708454132 
0.028297675773501396 
0.02726849727332592 
0.029633654281497 
0.02798621915280819 
0.023883802816271782 
0.02278868295252323 
0.03043287992477417 
0.02751731686294079 
0.026708455756306648 
0.026925763115286827 
0.031093396246433258 
0.02907502092421055 
0.029274778440594673 
0.03135408088564873 
0.029183173552155495 
0.033029135316610336 
0.028829431161284447 
0.02925090491771698 
0.032770995050668716 
0.027412526309490204 
0.02660222165286541 
0.02985537238419056 
0.030444061383605003 
0.02946309745311737 
0.030062740668654442 
0.030309250578284264 
0.024297982454299927 
0.031821444630622864 
0.027428841218352318 
0.031004182994365692 
0.026716001331806183 
0.02917885221540928 
0.03053814172744751 
0.032245997339487076 
0.032421279698610306 
0.023031732067465782 
0.029302960261702538 
0.027810752391815186 
0.0293462872505188 
0.02763368748128414 
0.03401865065097809 
0.02772078476846218 
0.026218554005026817 
0.02870345301926136 
0.03603203222155571 
0.024927690625190735 
0.026557395234704018 
0.027300016954541206 
0.02767164073884487 
0.03135155513882637 
0.02926388382911682 
0.03246491774916649 
0.02780868113040924 
0.02648579329252243 
0.026597946882247925 
0.03581465780735016 
0.026931533589959145 
0.027299875393509865 
0.02950311452150345 
0.031245991587638855 
0.03105044923722744 
0.03063349612057209 
0.028321025893092155 
0.029196811839938164 
0.032435011118650436 
0.028733467683196068 
0.032290179282426834 
0.028666824102401733 
0.028394317254424095 
0.02219773828983307 
0.027892515063285828 
0.02697201818227768 
0.033876124769449234 
0.0254738200455904 
0.02518112026154995 
0.028191005811095238 
0.030644699931144714 
0.027945684269070625 
0.026524528861045837 
0.02909170836210251 
0.029110291972756386 
0.03060143254697323 
0.027337824925780296 
0.02825331501662731 
0.029751567170023918 
0.03451636806130409 
0.027397990226745605 
0.032859329134225845 
0.029233843088150024 
0.02862793765962124 
0.03175607696175575 
0.026790037751197815 
0.03141626715660095 
0.03326457738876343 
0.028342314064502716 
0.027939610183238983 
0.029246702790260315 
0.028568388894200325 
0.03375556692481041 
0.031128985807299614 
0.029754305258393288 
0.030293075367808342 
0.03295418620109558 
0.026666872203350067 
0.029330359771847725 
0.029789380729198456 
0.02906494401395321 
0.027210155501961708 
0.026924200356006622 
0.030291996896266937 
0.027207067236304283 
0.026701277121901512 
0.027374625205993652 
0.029246091842651367 
0.026142513379454613 
0.027495048940181732 
0.02734464965760708 
0.03290953114628792 
0.03149547800421715 
0.028857210651040077 
0.026597173884510994 
0.028128117322921753 
0.032015129923820496 
0.032399505376815796 
0.029197024181485176 
0.02539370395243168 
0.0278183463960886 
0.030670756474137306 
0.03238564357161522 
0.02011174149811268 
0.03401670232415199 
0.02803483046591282 
0.029509613290429115 
0.021055826917290688 
0.027573412284255028 
0.035817746073007584 
0.03082345612347126 
0.02602008543908596 
0.028635898604989052 
0.029729628935456276 
0.02733681909739971 
0.027752025052905083 
0.03083893656730652 
0.028693392872810364 
0.029765451326966286 
0.026021013036370277 
0.029131030663847923 
0.030468909069895744 
0.028277253732085228 
0.02717096172273159 
0.028457200154662132 
0.026651745662093163 
0.030952399596571922 
0.028087161481380463 
0.027030983939766884 
0.023562520742416382 
0.02899664081633091 
0.026348719373345375 
0.028209999203681946 
0.025278588756918907 
0.029124200344085693 
0.027014827355742455 
0.02702830731868744 
0.021340414881706238 
0.030041078105568886 
0.028641710057854652 
0.03126884624361992 
0.026561973616480827 
0.032102879136800766 
0.02558441460132599 
0.03011598251760006 
0.02780608832836151 
0.02695792354643345 
0.036943018436431885 
0.03014700673520565 
0.031103119254112244 
0.030774155631661415 
0.026420438662171364 
0.03021943010389805 
0.030159855261445045 
0.029057936742901802 
0.03203895688056946 
0.027640020474791527 
0.02610134519636631 
0.025990823283791542 
0.029292548075318336 
0.02982364594936371 
0.023592939600348473 
0.02935071848332882 
0.029050635173916817 
0.02558651752769947 
0.029989728704094887 
0.02588549256324768 
0.029947878792881966 
0.02408464439213276 
0.02948116511106491 
0.025162706151604652 
0.029116353020071983 
0.024039210751652718 
0.02621207945048809 
0.02943974733352661 
0.027900541201233864 
0.02917318232357502 
0.028469083830714226 
0.03127894550561905 
0.03204348310828209 
0.029459059238433838 
0.02515525184571743 
0.027187056839466095 
0.02496429719030857 
0.025115877389907837 
0.027050986886024475 
0.029108336195349693 
0.03348679840564728 
0.027619505301117897 
0.026348695158958435 
0.03081071935594082 
0.02584298513829708 
0.02895483374595642 
0.0305405855178833 
0.031718820333480835 
0.026778876781463623 
0.0254006739705801 
0.027590608224272728 
0.03204773738980293 
0.028934737667441368 
0.03088805079460144 
0.02769407071173191 
0.0259776022285223 
0.03140121325850487 
0.027610240504145622 
0.02696782909333706 
0.02726251445710659 
0.028517285361886024 
0.026822581887245178 
0.02551601268351078 
0.02344594895839691 
0.02857900597155094 
0.02847524732351303 
0.028730830177664757 
0.02497074566781521 
0.028959354385733604 
0.026394078508019447 
0.029034888371825218 
0.025105798617005348 
0.03236449882388115 
0.025333886966109276 
0.029155617579817772 
0.028217947110533714 
0.025481456890702248 
0.032188039273023605 
0.02950804866850376 
0.029826419427990913 
0.024888815358281136 
0.026294345036149025 
0.026124246418476105 
0.02638152800500393 
0.025758186355233192 
0.028656182810664177 
0.028057141229510307 
0.02557949163019657 
0.02791581116616726 
0.031837139278650284 
0.027428969740867615 
0.030442899093031883 
0.035156965255737305 
0.029606705531477928 
0.029101550579071045 
0.02049139142036438 
0.027531316503882408 
0.023389950394630432 
0.026018604636192322 
0.03327995166182518 
0.028959602117538452 
0.028414016589522362 
0.027889743447303772 
0.025045545771718025 
0.025060629472136497 
0.028263984248042107 
0.0291790459305048 
0.02918984927237034 
0.02600029855966568 
0.03194288909435272 
0.026519834995269775 
0.032484009861946106 
0.026919201016426086 
0.03093930333852768 
0.028981542214751244 
0.02628432773053646 
0.028332769870758057 
0.031240860000252724 
0.02682720124721527 
0.030730510130524635 
0.025062084197998047 
0.027856694534420967 
0.031706903129816055 
0.027864277362823486 
0.028103647753596306 
0.02960086427628994 
0.028724968433380127 
0.02682935632765293 
0.03051125444471836 
0.026884332299232483 
0.027606457471847534 
0.030145710334181786 
0.02777167223393917 
0.03094763122498989 
0.028886405751109123 
0.029782185330986977 
0.026791131123900414 
0.02467610500752926 
0.024263301864266396 
0.026693886145949364 
0.028051480650901794 
0.031250447034835815 
0.030341511592268944 
0.02877824939787388 
0.029041020199656487 
0.02674686722457409 
0.02672426588833332 
0.028985967859625816 
0.024816500023007393 
0.028359344229102135 
0.02704918198287487 
0.026326050981879234 
0.03127565607428551 
0.02746185101568699 
0.028933539986610413 
0.026398157700896263 
0.026022834703326225 
0.023125795647501945 
0.027274876832962036 
0.030992358922958374 
0.024967612698674202 
0.025187944993376732 
0.03119564987719059 
0.02524198591709137 
0.02903030626475811 
0.026769548654556274 
0.031708236783742905 
0.02475726045668125 
0.028159940615296364 
0.0291985422372818 
0.026529541239142418 
0.023676401004195213 
0.03038688935339451 
0.028688371181488037 
0.026884913444519043 
0.02517717145383358 
0.027328267693519592 
0.02344946563243866 
0.029856225475668907 
0.029503991827368736 
0.024555692449212074 
0.027398744598031044 
0.027649208903312683 
0.026047619059681892 
0.025314373895525932 
0.02486010640859604 
0.023699061945080757 
0.02202206291258335 
0.022904759272933006 
0.03053618036210537 
0.0343976728618145 
0.022249063476920128 
0.030229413881897926 
0.03225314989686012 
0.025970004498958588 
0.02676873840391636 
0.025459125638008118 
0.023892687633633614 
0.028185352683067322 
0.028863832354545593 
0.029252255335450172 
0.02919786237180233 
0.030494892969727516 
0.0254139993339777 
0.025805184617638588 
0.025738397613167763 
0.027724871411919594 
0.024486398324370384 
0.02692250721156597 
0.02743699587881565 
0.02731897123157978 
0.028229063376784325 
0.026413878425955772 
0.02611553855240345 
0.02555052377283573 
0.026697611436247826 
0.02753949724137783 
0.02574641816318035 
0.027709713205695152 
0.029729081317782402 
0.030123673379421234 
0.027449050918221474 
0.026025930419564247 
0.028895968571305275 
0.021704239770770073 
0.026613673195242882 
0.02843611128628254 
0.03210579603910446 
0.027055829763412476 
0.029715484008193016 
0.02645169198513031 
0.02501281164586544 
0.02695765532553196 
0.02883376181125641 
0.02911742962896824 
0.02661772072315216 
0.03092966042459011 
0.027346191927790642 
0.03002835623919964 
0.030400002375245094 
0.029012128710746765 
0.029790421947836876 
0.026789041236042976 
0.025103559717535973 
0.02545647881925106 
0.03164573013782501 
0.02763473428785801 
0.029440060257911682 
0.028725704178214073 
0.028426123782992363 
0.029961606487631798 
0.029772713780403137 
0.028447864577174187 
0.026632241904735565 
0.02657143771648407 
0.02515511028468609 
0.027805780991911888 
0.02667931467294693 
0.02821442484855652 
0.02275845594704151 
0.02798677422106266 
0.025638088583946228 
0.03073517046868801 
0.02881135791540146 
0.026765897870063782 
0.025390276685357094 
0.02888878993690014 
0.027870161458849907 
0.022541001439094543 
0.033450592309236526 
0.022357558831572533 
0.021804556250572205 
0.02882782183587551 
0.030915530398488045 
0.027664219960570335 
0.025248246267437935 
0.026004957035183907 
0.03189019858837128 
0.024437732994556427 
0.02541002444922924 
0.02951342798769474 
0.02498558908700943 
0.028209159150719643 
0.02660476602613926 
0.02806783653795719 
0.030142704024910927 
0.02474336326122284 
0.027879951521754265 
0.02888180874288082 
0.0312604121863842 
0.022596998140215874 
0.02710512839257717 
0.027451494708657265 
0.027096183970570564 
0.02942986786365509 
0.0250969547778368 
0.03220372274518013 
0.026368102058768272 
0.02558797597885132 
0.028088608756661415 
0.028229204937815666 
0.02762196958065033 
0.026417965069413185 
0.028587916865944862 
0.027212560176849365 
0.02642636187374592 
0.0320894829928875 
0.024400463327765465 
0.024397453293204308 
0.024186046794056892 
0.025971127673983574 
0.030642667785286903 
0.024678006768226624 
0.02304166369140148 
0.023977002128958702 
0.0270147155970335 
0.02872742898762226 
0.025495832785964012 
0.026919296011328697 
0.02418246679008007 
0.027510514482855797 
0.02640371583402157 
0.0291859433054924 
0.03047068975865841 
0.025234082713723183 
0.023364732041954994 
0.02895970083773136 
0.02579723484814167 
0.02874181605875492 
0.02610154263675213 
0.02434156835079193 
0.025552600622177124 
0.026409029960632324 
0.027850577607750893 
0.028574571013450623 
0.025365879759192467 
0.026097804307937622 
0.027817940339446068 
0.029493490234017372 
0.027393460273742676 
0.02630290389060974 
0.028813078999519348 
0.026888921856880188 
0.026585973799228668 
0.02614794671535492 
0.02679574303328991 
0.026372091844677925 
0.023859387263655663 
0.02816482074558735 
0.028378939256072044 
0.025406159460544586 
0.02603910304605961 
0.025727668777108192 
0.02311033569276333 
0.02971971035003662 
0.030270377174019814 
0.02478775568306446 
0.027222374454140663 
0.027786290273070335 
0.02550678886473179 
0.029558522626757622 
0.027085358276963234 
0.026515966281294823 
0.02656269259750843 
0.025290662422776222 
0.028229543939232826 
0.02743787318468094 
0.027568630874156952 
0.024116376414895058 
0.027603810653090477 
0.025895336642861366 
0.02971131168305874 
0.026914546266198158 
0.029312623664736748 
0.024382561445236206 
0.025813445448875427 
0.02547468990087509 
0.02615879476070404 
0.027059366926550865 
0.0251996461302042 
0.02787473239004612 
0.028333134949207306 
0.025229552760720253 
0.025978386402130127 
0.023852689191699028 
0.02764752320945263 
0.02686910890042782 
0.02864265628159046 
0.022179335355758667 
0.02667604386806488 
0.02645101584494114 
0.02728799730539322 
0.02807765267789364 
0.023995084688067436 
0.029561331495642662 
0.033792730420827866 
0.024319520220160484 
0.026432542130351067 
0.025087153539061546 
0.030335554853081703 
0.028033671900629997 
0.030224308371543884 
0.02626265585422516 
0.025504985824227333 
0.027693472802639008 
0.02522914670407772 
0.02782345563173294 
0.023166446015238762 
0.027531320229172707 
0.026770049706101418 
0.028133651241660118 
0.028560904785990715 
0.029848521575331688 
0.024893248453736305 
0.026739010587334633 
0.023872418329119682 
0.02691102959215641 
0.022509315982460976 
0.02632286585867405 
0.02452298067510128 
0.02833431027829647 
0.02351415902376175 
0.026172809302806854 
0.026193032041192055 
0.02123996615409851 
0.026399726048111916 
0.023852011188864708 
0.024690845981240273 
0.02595556527376175 
0.031065965071320534 
0.028257468715310097 
0.030174827203154564 
0.03177795931696892 
0.025636600330471992 
0.026075759902596474 
0.0287503432482481 
0.02514164336025715 
0.023079456761479378 
0.02806759811937809 
0.02357669174671173 
0.026619305834174156 
0.02456759847700596 
0.02511649765074253 
0.022871697321534157 
0.024143248796463013 
0.02410200424492359 
0.02288041077554226 
0.022590817883610725 
0.028130223974585533 
0.027613552287220955 
0.026767509058117867 
0.027465015649795532 
0.024803945794701576 
0.02674996294081211 
0.02589304931461811 
0.026658592745661736 
0.026312634348869324 
0.02561119757592678 
0.02345304749906063 
0.025505801662802696 
0.025070175528526306 
0.024229129776358604 
0.027252309024333954 
0.027967289090156555 
0.029778918251395226 
0.02621334046125412 
0.030021781101822853 
0.023518575355410576 
0.024827763438224792 
0.027966132387518883 
0.022688085213303566 
0.0266498401761055 
0.024543961510062218 
0.028709985315799713 
0.028833121061325073 
0.025363216176629066 
0.029408058151602745 
0.029366642236709595 
0.02288518287241459 
0.02924358658492565 
0.02489093877375126 
0.0281887948513031 
0.02519122324883938 
0.028235189616680145 
0.026320232078433037 
0.02127092517912388 
0.024595828726887703 
0.02102530747652054 
0.024951748549938202 
0.028638586401939392 
0.02829640917479992 
0.027155771851539612 
0.024615034461021423 
0.023933328688144684 
0.023327654227614403 
0.02510431967675686 
0.02700687386095524 
0.028085321187973022 
0.0256685558706522 
0.026845082640647888 
0.024502789601683617 
0.02801320143043995 
0.023136809468269348 
0.03163406625390053 
0.027270875871181488 
0.02416115067899227 
0.02928002178668976 
0.026148954406380653 
0.027260467410087585 
0.025600602850317955 
0.025094902142882347 
0.022664738819003105 
0.02951791323721409 
0.026069894433021545 
0.025716355070471764 
0.026279130950570107 
0.026579201221466064 
0.029836460947990417 
0.02826673351228237 
0.023927489295601845 
0.02430327795445919 
0.026376500725746155 
0.0249792393296957 
0.028077179566025734 
0.022815167903900146 
0.027488896623253822 
0.027480199933052063 
0.02761823497712612 
0.026826510205864906 
0.027074337005615234 
0.02520521730184555 
0.024812838062644005 
0.027771638706326485 
0.023396387696266174 
0.029507406055927277 
0.0270093884319067 
0.027577688917517662 
0.025039151310920715 
0.025119416415691376 
0.024790117517113686 
0.025911567732691765 
0.026399148628115654 
0.027098597958683968 
0.027906864881515503 
0.02758098393678665 
0.027378087863326073 
0.02538074553012848 
0.025883495807647705 
0.031080223619937897 
0.02507758140563965 
0.025606201961636543 
0.020201904699206352 
0.025777025148272514 
0.025572946295142174 
0.026782626286149025 
0.02549503743648529 
0.02690802700817585 
0.023394323885440826 
0.027493076398968697 
0.021860867738723755 
0.025819970294833183 
0.033223602920770645 
0.026516081765294075 
0.025411752983927727 
0.02833530865609646 
0.0251359473913908 
0.026400858536362648 
0.028837164863944054 
0.02472381852567196 
0.02686435915529728 
0.025494752451777458 
0.024075889959931374 
0.02488049864768982 
0.023336738348007202 
0.025211580097675323 
0.025165850296616554 
0.028269710019230843 
0.024040764197707176 
0.02811177633702755 
0.024742290377616882 
0.027170494198799133 
0.027958741411566734 
0.024431785568594933 
0.02674863673746586 
0.024948200210928917 
0.02627655677497387 
0.026263073086738586 
0.026387080550193787 
0.024640163406729698 
0.025068024173378944 
0.024597549811005592 
0.020333027467131615 
0.02737724781036377 
0.02826913632452488 
0.02580842934548855 
0.02515598200261593 
0.023522445932030678 
0.022353067994117737 
0.027551064267754555 
0.02092779241502285 
0.025916248559951782 
0.024052957072854042 
0.028355246409773827 
0.032400816679000854 
0.02494385838508606 
0.02464480884373188 
0.02690393663942814 
0.026538396254181862 
0.024324044585227966 
0.022743551060557365 
0.024220803752541542 
0.030725153163075447 
0.024423478171229362 
0.024907434359192848 
0.022981613874435425 
0.02532091736793518 
0.02812323532998562 
0.02817704528570175 
0.026739822700619698 
0.02634870447218418 
0.023839449509978294 
0.02808232046663761 
0.0257912278175354 
0.02742319367825985 
0.031005561351776123 
0.030556699261069298 
0.02457147277891636 
0.02808064967393875 
0.02600567787885666 
0.023564226925373077 
0.02320576272904873 
0.02687101997435093 
0.026392003521323204 
0.024121111258864403 
0.024758318439126015 
0.02283927984535694 
0.026050904765725136 
0.02516109310090542 
0.026041517034173012 
0.02114632911980152 
0.020961642265319824 
0.024669155478477478 
0.02762114256620407 
0.02669503353536129 
0.025479579344391823 
0.025774383917450905 
0.024705970659852028 
0.023343004286289215 
0.027022019028663635 
0.028324278071522713 
0.02383875846862793 
0.024280307814478874 
0.02438233606517315 
0.02455390803515911 
0.026496432721614838 
0.027054736390709877 
0.02797277830541134 
0.02457810938358307 
0.024359412491321564 
0.025123482570052147 
0.025517528876662254 
0.023920541629195213 
0.02805180288851261 
0.026184504851698875 
0.025463035330176353 
0.028352322056889534 
0.03056957758963108 
0.026242122054100037 
0.027020065113902092 
0.028935840353369713 
0.028645485639572144 
0.03080519288778305 
0.026572421193122864 
0.028355112299323082 
0.03090357594192028 
0.027364425361156464 
0.023312469944357872 
0.026532262563705444 
0.025411561131477356 
0.027995998039841652 
0.025870943441987038 
0.023764118552207947 
0.027438724413514137 
0.028355499729514122 
0.02854028157889843 
0.029000185430049896 
0.02481565624475479 
0.026771023869514465 
0.026660731062293053 
0.025390764698386192 
0.02496873401105404 
0.027709588408470154 
0.02206694521009922 
0.023913035169243813 
0.020719414576888084 
0.026717746630311012 
0.025422051548957825 
0.025800997391343117 
0.02520049177110195 
0.02602229081094265 
0.0222877636551857 
0.026705095544457436 
0.027447476983070374 
0.028521878644824028 
0.025312626734375954 
0.027996791526675224 
0.025047877803444862 
0.027290454134345055 
0.024643955752253532 
0.02530410885810852 
0.02433822490274906 
0.024479055777192116 
0.027844801545143127 
0.027691205963492393 
0.026357444003224373 
0.02456221915781498 
0.028779389336705208 
0.025032037869095802 
0.02436840534210205 
0.02733170986175537 
0.021088624373078346 
0.023681605234742165 
0.024899810552597046 
0.027786890044808388 
0.02731364034116268 
0.0247794296592474 
0.025390489026904106 
0.02499067597091198 
0.025628911331295967 
0.026879632845520973 
0.026063567027449608 
0.028827868402004242 
0.02672458626329899 
0.02900628186762333 
0.028288772329688072 
0.02124398946762085 
0.026803554967045784 
0.026268409565091133 
0.028356751427054405 
0.02348763309419155 
0.026527777314186096 
0.02333080768585205 
0.025460325181484222 
0.026446783915162086 
0.025371825322508812 
0.024487212300300598 
0.024507125839591026 
0.0353802815079689 
0.024831173941493034 
0.02552627958357334 
0.022300496697425842 
0.02726413495838642 
0.026254335418343544 
0.026300543919205666 
0.024763524532318115 
0.024946441873908043 
0.024096697568893433 
0.028594836592674255 
0.027292216196656227 
0.030987942591309547 
0.025649555027484894 
0.025044387206435204 
0.024382630363106728 
0.020718155428767204 
0.024582648649811745 
0.025161119177937508 
0.02427845261991024 
0.024658994749188423 
0.027559593319892883 
0.026564450934529305 
0.020671255886554718 
0.02624685876071453 
0.029223958030343056 
0.024937475100159645 
0.02329111099243164 
0.026844868436455727 
0.021955301985144615 
0.02561095356941223 
0.025381045415997505 
0.02539432793855667 
0.02671973966062069 
0.023349836468696594 
0.028693055734038353 
0.02486233413219452 
0.025229722261428833 
0.023468686267733574 
0.02551356516778469 
0.02256007492542267 
0.026383452117443085 
0.022641457617282867 
0.02565106190741062 
0.027496712282299995 
0.0277843177318573 
0.023864900693297386 
0.02513940818607807 
0.02510443516075611 
0.021623775362968445 
0.026660466566681862 
0.022368861362338066 
0.027737334370613098 
0.024639690294861794 
0.02306709997355938 
0.02632182277739048 
0.02078758366405964 
0.023029780015349388 
0.024034971371293068 
0.02273697219789028 
0.025759050622582436 
0.028372885659337044 
0.01888737827539444 
0.028885453939437866 
0.02712787501513958 
0.028788460418581963 
0.022605905309319496 
0.026754608377814293 
0.02099369466304779 
0.021707987412810326 
0.026400679722428322 
0.02412579022347927 
0.02276001125574112 
0.02703041397035122 
0.025925839319825172 
0.027313733473420143 
0.022793171927332878 
0.025021294131875038 
0.024324798956513405 
0.027940338477492332 
0.02537774294614792 
0.026393994688987732 
0.024449177086353302 
0.02443518675863743 
0.022128751501441002 
0.024495678022503853 
0.024946868419647217 
0.02496057190001011 
0.02328065037727356 
0.02683495730161667 
0.02269069105386734 
0.02386711724102497 
0.02266993187367916 
0.021696433424949646 
0.03239509463310242 
0.022048482671380043 
0.02020058035850525 
0.026351531967520714 
0.025097668170928955 
0.022635435685515404 
0.02405654452741146 
0.026369085535407066 
0.02768407203257084 
0.02658858895301819 
0.026055028662085533 
0.02572246827185154 
0.024789780378341675 
0.02347702719271183 
0.023005835711956024 
0.02525363117456436 
0.026959476992487907 
0.019979072734713554 
0.02746829390525818 
0.022452322766184807 
0.02297300659120083 
0.024193918332457542 
0.024270981550216675 
0.023227564990520477 
0.02534809522330761 
0.027485957369208336 
0.02604863978922367 
0.03017018735408783 
0.025452563539147377 
0.025987183675169945 
0.02409525215625763 
0.023069366812705994 
0.0274466872215271 
0.027176633477211 
0.027793997898697853 
0.026444202288985252 
0.026512889191508293 
0.021387854591012 
0.022123834118247032 
0.027910538017749786 
0.02008603699505329 
0.02735164202749729 
0.02647116221487522 
0.023540807887911797 
0.021658509969711304 
0.02907734178006649 
0.02548171579837799 
0.02699492871761322 
0.024777017533779144 
0.0230046808719635 
0.026317471638321877 
0.026579564437270164 
0.02576187252998352 
0.023121386766433716 
0.025153016671538353 
0.021865880116820335 
0.024564899504184723 
0.02674153447151184 
0.022264549508690834 
0.02488410472869873 
0.030094942077994347 
0.026148343458771706 
0.024342840537428856 
0.02422102726995945 
0.021991252899169922 
0.025017261505126953 
0.023517757654190063 
0.027826780453324318 
0.026851071044802666 
0.02454582415521145 
0.025556489825248718 
0.023784920573234558 
0.02599051594734192 
0.022578813135623932 
0.026869477704167366 
0.026286078616976738 
0.026404596865177155 
0.02529892325401306 
0.02819264866411686 
0.024435661733150482 
0.0246900524944067 
0.02585642598569393 
0.02309316396713257 
0.023221144452691078 
0.02779991365969181 
0.023236358538269997 
0.02693573199212551 
0.02619735151529312 
0.025684485211968422 
0.02027793787419796 
0.023788293823599815 
0.026884615421295166 
0.02555812895298004 
0.02701226808130741 
0.021470539271831512 
0.025640368461608887 
0.025099223479628563 
0.025452008470892906 
0.025561174377799034 
0.026186799630522728 
0.02092789113521576 
0.023653805255889893 
0.022702187299728394 
0.025393933057785034 
0.02214350737631321 
0.02430293895304203 
0.024453548714518547 
0.02602570503950119 
0.025163277983665466 
0.026696452870965004 
0.02529529668390751 
0.02532300353050232 
0.026097044348716736 
0.025498194620013237 
0.02544809877872467 
0.027368003502488136 
0.026967326179146767 
0.024042030796408653 
0.022310493513941765 
0.026504801586270332 
0.028895385563373566 
0.022123193368315697 
0.02575063891708851 
0.02336377650499344 
0.025747930631041527 
0.0259869247674942 
0.02412135899066925 
0.02539829909801483 
0.024048933759331703 
0.025861402973532677 
0.02068605087697506 
0.026787051931023598 
0.02446662448346615 
0.023335173726081848 
0.02301710844039917 
0.022666236385703087 
0.02233845926821232 
0.0271508377045393 
0.026958666741847992 
0.023139916360378265 
0.02947264164686203 
0.02282845415174961 
0.023903697729110718 
0.024976158514618874 
0.02516789734363556 
0.02178165316581726 
0.02428516186773777 
0.02352769672870636 
0.024265462532639503 
0.024698004126548767 
0.022976795211434364 
0.024440037086606026 
0.026452811434864998 
0.02819150686264038 
0.026482684537768364 
0.02927468717098236 
0.024664515629410744 
0.023950636386871338 
0.02692660689353943 
0.023901840671896935 
0.022180132567882538 
0.025633111596107483 
0.024401089176535606 
0.026045778766274452 
0.019917473196983337 
0.026155471801757812 
0.02434311807155609 
0.022604934871196747 
0.02898881770670414 
0.0250232070684433 
0.024160267785191536 
0.02236884832382202 
0.024400539696216583 
0.025202780961990356 
0.022468164563179016 
0.02616035006940365 
0.021594198420643806 
0.02131386660039425 
0.022386005148291588 
0.026244213804602623 
0.02434656023979187 
0.02461126632988453 
0.02486996352672577 
0.023774871602654457 
0.02625621110200882 
0.024299517273902893 
0.02648819051682949 
0.02518545649945736 
0.02237408421933651 
0.03012777864933014 
0.02206963300704956 
0.024687066674232483 
0.026205353438854218 
0.022434398531913757 
0.022666947916150093 
0.02575327269732952 
0.024465054273605347 
0.025750936940312386 
0.02247483842074871 
0.021418675780296326 
0.023704810068011284 
0.024186396971344948 
0.02414674498140812 
0.025476286187767982 
0.02555927075445652 
0.023847974836826324 
0.023379884660243988 
0.019548743963241577 
0.027162984013557434 
0.02129892073571682 
0.027766963467001915 
0.024414977058768272 
0.021246010437607765 
0.022682929411530495 
0.02400454878807068 
0.024644190445542336 
0.028344327583909035 
0.02363290823996067 
0.02700020931661129 
0.027939802035689354 
0.027022749185562134 
0.020813025534152985 
0.026326201856136322 
0.023268571123480797 
0.02440490387380123 
0.027242297306656837 
0.02506815642118454 
0.02295987866818905 
0.025007203221321106 
0.026235604658722878 
0.025318508967757225 
0.022178128361701965 
0.02268090285360813 
0.025618737563490868 
0.025353169068694115 
0.026025598868727684 
0.025224417448043823 
0.021117910742759705 
0.022509856149554253 
0.023521455004811287 
0.019437545910477638 
0.022151343524456024 
0.027120649814605713 
0.024126142263412476 
0.02055378071963787 
0.024173030629754066 
0.023729568347334862 
0.023911481723189354 
0.022702276706695557 
0.02589838206768036 
0.026134030893445015 
0.025498956441879272 
0.023583941161632538 
0.02602238766849041 
0.024387722834944725 
0.02194979600608349 
0.026405280455946922 
0.022722674533724785 
0.02373628318309784 
0.024150826036930084 
0.025273902341723442 
0.02402990497648716 
0.02374071627855301 
0.021046236157417297 
0.02514912746846676 
0.023676099255681038 
0.025742175057530403 
0.020289815962314606 
0.024777216836810112 
0.02349194325506687 
0.02602306939661503 
0.027505090460181236 
0.025806153193116188 
0.025394923985004425 
0.02183643914759159 
0.025955805554986 
0.02402450703084469 
0.021761516109108925 
0.025538308545947075 
0.0221389289945364 
0.024356327950954437 
0.022028202190995216 
0.0212414488196373 
0.01949610374867916 
0.02495536208152771 
0.024196332320570946 
0.02288394421339035 
0.02167890965938568 
0.024941613897681236 
0.02426714263856411 
0.02497226558625698 
0.02497130073606968 
0.02450527809560299 
0.026105200871825218 
0.02404194325208664 
0.02323857881128788 
0.026957184076309204 
0.02348122000694275 
0.022002488374710083 
0.023825490847229958 
0.024798981845378876 
0.02534864842891693 
0.02562757395207882 
0.023673849180340767 
0.021174194291234016 
0.02690829336643219 
0.022990934550762177 
0.0247963760048151 
0.021939843893051147 
0.024045055732131004 
0.02400611899793148 
0.025751039385795593 
0.027597548440098763 
0.019231898710131645 
0.023746171966195107 
0.023264795541763306 
0.02447606809437275 
0.023080280050635338 
0.02707732655107975 
0.023077020421624184 
0.021788159385323524 
0.024345269426703453 
0.027722543105483055 
0.02188286744058132 
0.021416857838630676 
0.023122131824493408 
0.023247741162776947 
0.026343191042542458 
0.023821348324418068 
0.0264908280223608 
0.024086542427539825 
0.022646958008408546 
0.022873736917972565 
0.0301603302359581 
0.02244609035551548 
0.023367784917354584 
0.024448493495583534 
0.02534831501543522 
0.02518284320831299 
0.02596881054341793 
0.023604094982147217 
0.02436927892267704 
0.026545092463493347 
0.023841211572289467 
0.02553105540573597 
0.024141574278473854 
0.023808034136891365 
0.018810337409377098 
0.02285543829202652 
0.02304130233824253 
0.027012361213564873 
0.02005336992442608 
0.020873375236988068 
0.02280217967927456 
0.026065265759825706 
0.02213232032954693 
0.02097940444946289 
0.023889610543847084 
0.023850342258810997 
0.02677377313375473 
0.02346162497997284 
0.024584544822573662 
0.02497776411473751 
0.0276466216892004 
0.02217751555144787 
0.028544766828417778 
0.02459718845784664 
0.02311019040644169 
