0.179798118169 0.0787895741295 
0.151888657986 0.0747146150451 
0.145070771507 0.0725568384168 
0.14070665163 0.0713301962359 
0.137595505575 0.0706872293089 
0.135076974119 0.0704006432567 
0.132654495329 0.0702497353659 
0.13028812199 0.0704020967801 
0.12810514747 0.0708173714885 
0.126015426996 0.0712358516205 
0.124023909038 0.0717705418415 
0.122139563541 0.0724182357611 
0.120443719237 0.0730705397746 
0.118897554054 0.0737202327604 
0.117526724981 0.0741524768027 
0.116351981908 0.0746772509964 
0.115302595015 0.0751093827612 
0.11434947395 0.0756952128361 
0.113305422599 0.0758630876677 
0.112390951421 0.0762757708236 
0.111527163246 0.0767460701916 
0.110659786864 0.0766764660189 
0.109918001195 0.0769522029765 
0.109101347162 0.0774340995269 
0.108297003364 0.0776221476071 
0.107616861507 0.0779682114202 
0.10688938042 0.078367965791 
0.106160071256 0.078178738798 
0.105522473163 0.0786837640254 
0.104829322778 0.0796302035215 
0.104146538777 0.0791460716083 
0.103544000883 0.0798520907477 
0.102899342648 0.0795939558339 
0.102332812404 0.0806182549111 
0.101806153595 0.0802460260736 
0.101218437741 0.0806341688797 
0.100665488367 0.0810057970259 
0.100142667672 0.0812469728621 
0.0996480543305 0.0816605972197 
0.0991385319843 0.0815016433502 
