0.158955694656 0.0721783767089 
0.140895380853 0.0700867588667 
0.13649460516 0.0693173559052 
0.133249127555 0.0693694316087 
0.129741141711 0.0695789461672 
0.125972286249 0.0704115102822 
0.12218797687 0.0715840588312 
0.118695919558 0.072729200443 
0.115770744206 0.0729516997957 
0.113042651855 0.0736587091196 
0.110528797883 0.0751206078036 
0.108126361247 0.074767652121 
0.10601998286 0.0756792025758 
0.103987856971 0.0764394644648 
0.102146128424 0.0769655928251 
0.10037416067 0.0770438725388 
0.0986601744102 0.0777263012302 
0.0970394600252 0.0783907301913 
0.0953393355937 0.0789901389021 
0.0939636145782 0.0793638487075 
0.0925039036535 0.0801127512432 
0.0909661747029 0.080538401781 
0.0895001274759 0.0810320089465 
0.088180965958 0.0814483024274 
0.0869278970365 0.0822023131142 
0.0857412115734 0.0824883036504 
0.0845593672523 0.0829427399307 
0.0833561268768 0.0835431098844 
0.0823210513694 0.0835550672646 
0.0813087573541 0.0842554696329 
0.0803354153676 0.084162234812 
0.0793705743547 0.0844828248778 
0.0784918030851 0.0845115531142 
0.0776483731472 0.0849849445675 
0.0769577934898 0.0850458636267 
0.0762795864471 0.0861656398194 
0.0754803241063 0.0858303270527 
0.0747441735281 0.0864346060619 
0.0741004695688 0.0867110686023 
0.0735354802762 0.0866875409656 
